20
131 74
1 9 10 78736
82 81
58 56 739 82
1000000000 100000
99999 1 99999 100000
249718282 93729
1 5 6 999917908
218492221 46085
3 7 1 999969453
137 49
48 17 461 137
1000000000 100000
999999999 1 999999999 1000000000
693840425 90561
2 6 7 999957328
220 88
1 8 3 58265
198 81
8 5 7 83495
177 73
7 7 5 56401
1000000000 1
12 7 74 12
28 21
6 5 1 85919
66 39
35 2 589 66
73 26
5 8 4 54214
232959116 56689
4 9 1 999903057
254 99
1 8 9 74990
1000000000 100000
100000 1 0 1000000000
59 26
14 19 681 59
977365070 59489
8 5 9 999966210
