20
111 2636907296373399885646047517304031318176238406483770114869777782538642745151012568233889125626174631927487710326357830166987670817345199561837513121049890870755907
140 14081739843975501051165157925935539505458771396682117602623690411292162645875639965745417670827042186680858848536653039548367352690174908952912337675176219645613802479750293944671739084427422387764770357943062
190 1486139411639384409848749958784650368455059410476755670372360119439112197939878529158062954308851
163 830372735507449871809731465
116 972759570129420701017343026504780735238724865028026190998930433648895154524191409145141283939575313912329760551461452376912991044578
197 99549789825776366897151574826765450
25 646522
40 9188174
30
1234321
65 1876770264484195462373867075504289953849589913192143959493706119994453644071550093082492880383797477491586448128262806265749453109591037917448951185219315245647751499988944695031480940961675592872609377955465767010356210472779712879459920877915616417323912577285316301998836348539369087459603916941305730245213
210 85878750696889017446575830667629960421673460475788331401992664560464795536162396046534097613201747910328526207118280591048874750330716122398307043580519193336856577563682207032364946147148694229628149394147905227355778765319414508752275911061103515923770789
175 33261754228351577578476525209779523127988179898466814632178091966058732629419096182580147726136461252536159859524910309245482518510505400224632364198859663324442131165491882159875547854981497794081342777200378592265262155658847609559210120775240641876041334241839722160083429540405974129979019249434170766042056362227975365345975347996046245948796399196770147994465983195413064659360096554725677890698596977258412582128147198281435385157843685997656109714879412014816286117391379038777327721869676082363453428964553414522582206337809654803310865854542820645495167089958357370335148408859823985527100656590244938554098917907444254926202944319101970754422155318990081301125652572165950553705741636948079747710140051073020357141045775814824559298927842929023036895195372463299081602885132125136042633005801172450983103013385560426338
120 874308165313353435924811434341778738339969013714566776179652
157 36138325509814056284116360672
205 52266698626452
119 63155576629807163707985640922769106772917396795739548570858093440561312802733843811003
159 34547389644611849324902048638970235
92 87425153970967993390831896675153851510854781083794529288118964576857047283178102891855976962574675710971584027
180 71135853797525154801574664429928955385969111492458546393108368
70 8675309
